amager: 0.001882532211655168
indreby: 0.0024735160806220943
nørrebro: -1.0954215989465503e-05
torvehallerne: 0.005109264961717725
valby: 0.0029554913138123977
vesterbro: 0.00293141118848027
østerbro: 0.0023537672815600067
