amager: 0.0016771925255550492
indreby: 0.0026212714673094304
nørrebro: 0.00020193305001514497
torvehallerne: 0.0031131716275840443
valby: 0.003714553971340472
vesterbro: 0.0033541869748548343
østerbro: 0.0037624529011783567
