amager: 0.007175466487609155
indreby: 0.005097249736293705
nørrebro: 0.003651635486639021
torvehallerne: 0.006988967652964943
valby: 0.004379412667553464
vesterbro: 0.008372723270423672
østerbro: 0.004459970814355294
